[[], [78, 1375, 39, 486, 551, 183, 1435, 33, 1308, 279], [7158, 1385, 1387, 1811, 8256, 1562, 2246, 595, 4467, 568], [1759, 3398, 5329, 3791, 8261, 3062, 668, 8064, 2352], [1298, 6146, 1208, 6426, 5035, 6981, 7309, 972], [9497, 6493, 2462, 2297, 1759], [3079, 4028, 712, 101, 5338, 2562], [1205, 2213, 1023, 956, 9465, 3613, 1134], [2066, 2422, 649, 1085, 3145, 7039, 7289, 5357], [3144, 4015, 2306, 4346, 5902, 1247, 3094, 4136, 4524], [3333, 4038, 3708, 4421, 449, 2275, 345, 4173, 1508, 856], [3693, 25, 2843, 1130, 6855, 1152, 5418, 3361, 6819], [2544, 1175, 2064, 1158, 1777, 154, 1540, 489, 775, 1084], [1479, 531, 3202, 3946, 1946, 1618, 1576, 462, 2495, 8551], [1167, 1577, 1384, 2087, 316, 441, 479, 5705, 121, 1468], [458, 344, 84, 1794, 2128, 2452, 4090, 490, 146, 1576], [1089, 1703, 164, 503, 1432, 685, 1333, 229, 821, 522], [1565, 58, 151, 1513, 1598, 924, 187, 1046, 928, 320], [1965, 336, 594, 345, 251, 315, 569, 959, 530, 178], [815, 1593, 384, 304, 744, 421, 232, 187, 151, 398]]

num_test = Firefly_Model(grid_size=30, num_agents=num_agent, travel_step=6, in_range=15, clock_cycle=10)
20 steps at +5, 0 to 100

[[], 
[78, 1375, 39, 486, 551, 183, 1435, 33, 1308, 279], 
[7158, 1385, 1387, 1811, 8256, 1562, 2246, 595, 4467, 568], 
[1759, 3398, 5329, 3791, 8261, 3062, 668, 8064, 2352], 
[1298, 6146, 1208, 6426, 5035, 6981, 7309, 972], 
[9497, 6493, 2462, 2297, 1759], 
[3079, 4028, 712, 101, 5338, 2562], 
[1205, 2213, 1023, 956, 9465, 3613, 1134], 
[2066, 2422, 649, 1085, 3145, 7039, 7289, 5357], 
[3144, 4015, 2306, 4346, 5902, 1247, 3094, 4136, 4524], 
[3333, 4038, 3708, 4421, 449, 2275, 345, 4173, 1508, 856], 
[3693, 25, 2843, 1130, 6855, 1152, 5418, 3361, 6819], 
[2544, 1175, 2064, 1158, 1777, 154, 1540, 489, 775, 1084], 
[1479, 531, 3202, 3946, 1946, 1618, 1576, 462, 2495, 8551], 
[1167, 1577, 1384, 2087, 316, 441, 479, 5705, 121, 1468], 
[458, 344, 84, 1794, 2128, 2452, 4090, 490, 146, 1576], 
[1089, 1703, 164, 503, 1432, 685, 1333, 229, 821, 522], 
[1565, 58, 151, 1513, 1598, 924, 187, 1046, 928, 320], 
[1965, 336, 594, 345, 251, 315, 569, 959, 530, 178], 
[815, 1593, 384, 304, 744, 421, 232, 187, 151, 398]]

[0, 576.7, 2943.5, 4076.0, 4421.875, 4501.6, 2636.6666666666665, 2801.285714285714, 3631.5, 3634.8888888888887, 2510.6, 3477.3333333333335, 1276.0, 2580.6, 1474.5, 1356.2, 848.1, 829.0, 604.2, 522.9]

Travel step
full_data = [[9437, 6462, 5347, 3612, 2407, 4005], [5499, 4292, 4853, 2054, 1731, 471, 3265, 1115, 2116, 3127], [4560, 9938, 4908, 427, 3874, 6871, 4376, 4844, 920, 623], [1461, 401, 1515, 7299, 352, 1726, 8084, 810, 1214], [1314, 1281, 3129, 5881, 148, 1010, 1000, 370, 5102, 965], [3746, 1871, 848, 1781, 252, 965, 2365, 386, 2782], [439, 1545, 1981, 1055, 774, 987, 1071, 3634, 4313, 325], [4528, 3970, 2572, 744, 626, 232, 2324, 66, 3040, 2928], [396, 67, 847, 1988, 1085, 3160, 264, 427, 835, 337], [347, 885, 279, 1894, 495, 747, 598, 496, 1582, 199], [278, 681, 1098, 572, 5441, 3358, 1966, 334, 49, 1017], [5067, 728, 858, 64, 2328, 1229, 3553, 108, 3999, 745], [3521, 1048, 1251, 857, 854, 847, 41, 974, 1826, 1855], [1461, 915, 3989, 967, 736, 548, 526, 4441, 428, 2741], [1484, 1994, 944, 967, 116, 876, 48, 77, 443, 846], [400, 1911, 4463, 223, 3327, 6004, 1381, 1772, 319, 1857], [4032, 1684, 1577, 455, 2509, 1842, 1571, 913, 302, 1900], [662, 71, 289, 1025, 494, 2921, 1696, 700, 2456, 1499], [699, 1689, 213, 51, 87, 1161, 3907, 705, 2131, 1835], [1470, 3395, 2683, 893, 2588, 2706, 518, 480, 1233, 3096]]

[[9437, 6462, 5347, 3612, 2407, 4005],
[5499, 4292, 4853, 2054, 1731, 471, 3265, 1115, 2116, 3127],
[4560, 9938, 4908, 427, 3874, 6871, 4376, 4844, 920, 623],
[1461, 401, 1515, 7299, 352, 1726, 8084, 810, 1214],
[1314, 1281, 3129, 5881, 148, 1010, 1000, 370, 5102, 965],
[3746, 1871, 848, 1781, 252, 965, 2365, 386, 2782],
[439, 1545, 1981, 1055, 774, 987, 1071, 3634, 4313, 325],
[4528, 3970, 2572, 744, 626, 232, 2324, 66, 3040, 2928],
[396, 67, 847, 1988, 1085, 3160, 264, 427, 835, 337],
[347, 885, 279, 1894, 495, 747, 598, 496, 1582, 199],
[278, 681, 1098, 572, 5441, 3358, 1966, 334, 49, 1017],
[5067, 728, 858, 64, 2328, 1229, 3553, 108, 3999, 745],
[3521, 1048, 1251, 857, 854, 847, 41, 974, 1826, 1855],
[1461, 915, 3989, 967, 736, 548, 526, 4441, 428, 2741],
[1484, 1994, 944, 967, 116, 876, 48, 77, 443, 846],
[400, 1911, 4463, 223, 3327, 6004, 1381, 1772, 319, 1857],
[4032, 1684, 1577, 455, 2509, 1842, 1571, 913, 302, 1900],
[662, 71, 289, 1025, 494, 2921, 1696, 700, 2456, 1499],
[699, 1689, 213, 51, 87, 1161, 3907, 705, 2131, 1835],
[1470, 3395, 2683, 893, 2588, 2706, 518, 480, 1233, 3096]]

[5211.666666666667, 2852.3, 4134.1, 2540.222222222222, 2020.0, 1666.2222222222222, 1612.4, 2103.0, 940.6, 752.2, 1479.4, 1867.9, 1307.4, 1675.2, 779.5, 2165.7, 1678.5, 1181.3, 1247.8, 1906.2]

In range

[[], [], [], [], [], [], [], [], [], [5042, 1625], [282, 9896, 378, 1071, 5444, 2944, 1865, 8236, 3364, 142], [442, 57, 59, 201, 395, 218, 836, 143, 1108, 145], [21, 69, 92, 144, 59, 108, 38, 158, 105, 101], [50, 26, 17, 23, 44, 23, 40, 25, 53, 64], [31, 18, 21, 29, 40, 19, 20, 22, 24, 29], [52, 26, 19, 13, 23, 17, 25, 17, 13, 21], [19, 22, 15, 19, 15, 14, 16, 15, 22, 25], [14, 17, 15, 19, 15, 17, 14, 19, 18, 14], [19, 19, 20, 15, 13, 15, 22, 13, 17, 19], [15, 13, 16, 14, 16, 14, 11, 15, 14, 17]]
[0, 0, 0, 0, 0, 0, 0, 0, 0, 3333.5, 3362.2, 360.4, 89.5, 36.5, 25.3, 22.6, 18.2, 16.2, 17.2, 14.5]